TIME:		2024-01-26_16-04-05
MODEL:		ConvolutionalNeuralNetworkModel
LOSS:		0.9835496544837952
ACCURACY:	0.6115826368331909

TIME:		2024-01-26_16-23-20
MODEL:		ConvolutionalNeuralNetworkModel
LOSS:		0.9576884508132935
ACCURACY:	0.6195706725120544

